8.921595304803308091e-01 2.868748072257502613e-01 1.014635360075859527e+00 4.529794275060300413e-01 3.466443328060020979e-01 2.429384061031500119e-01 3.680499315296373863e-01 2.305744091682060959e-01 2.977511072270124792e-01
1.308303867645233431e+00 3.594757921696153380e-01 8.135229014065444852e-01 1.840842523357669458e-01 1.402243188257641382e+00 1.680864402713536099e-01 1.344155856927756465e-01 7.404157265071371619e-01 2.356371152647301626e-01
1.403381470891764238e+00 6.451983948173672934e-01 1.130321567035359048e-01 2.617837885678288012e-01 9.434376470836905448e-02 1.386664205505555858e-01 9.207217822250139683e-02 1.531272072630926184e-01 1.121417158162178601e-01
7.364532444361291397e-01 1.209201308029852762e-01 1.341090281758336999e-01 1.714923076533547475e+00 7.451956254808708713e-02 6.557814788617213342e-01 6.527154863875970214e-01 1.204079771149082767e-01 7.165769615102186574e-01
2.436194801409153621e-01 1.115974114136440709e-01 1.353544889997531919e-01 7.146456149044853046e-01 2.176969585560641351e-01 6.582610624452475134e-01 6.996518933769169113e-01 7.598453242420881437e-02 9.424494077624039068e-02
7.045050606987246500e-01 7.180293620133216814e-01 4.990154047871988435e-02 1.329185271402955948e+00 9.998533882833968156e-02 2.253263750411377275e-02 1.010891724551907511e-01 7.029960129791067158e-02 7.274809189234840989e-01
1.268135792599374367e+00 6.656180224259808376e-02 6.427270143300677363e-01 7.014342612522298515e-01 6.978490355935276224e-01 8.198103187435165640e-02 1.727936376136277319e-01 6.778305976785711229e-01 1.309080521419913323e-01
6.093821457536161557e-01 7.171709978507520011e-01 6.780569770359300419e-01 1.372465200185491452e-01 8.749899808013834879e-02 6.249488778758781338e-02 8.574423830589249229e-02 5.472651071778485143e-02 4.924619339338436041e-02
6.539441074784975161e-01 9.129715759129670982e-02 1.896652050499885389e+00 4.580940238459198233e-02 6.514551987103947006e-01 4.302094269688803291e-02 4.407439299474402716e-02 3.842332788890251427e-02 7.978460184687255485e-02
6.490728572006992936e-01 7.206757840919792990e-01 6.912708917185031998e-01 5.714192516090137175e-02 3.446287174361651467e-02 6.471172620358809358e-01 6.886539667605874326e-01 8.338650238007956628e-02 1.273242578525451973e+00
8.178197291982489125e-02 7.484154884133777941e-01 5.606317079832569966e-02 5.621224520359786869e-02 6.154360008417676664e-02 6.472881260440803697e-01 5.847442917087962433e-02 6.438848439881832419e-01 6.596498479083289235e-01
1.241785634535843841e-01 5.868159645319361711e-02 1.246521017806019316e-01 6.828729158688857659e-01 5.056095411224863223e-02 3.806479296231618514e-02 6.975176737540353389e-02 2.915262398303144348e-02 2.490220515663644357e-02
1.265779916193622512e+00 6.627214351807910742e-01 4.440361669285321222e-02 3.882390993603575952e-02 6.894863286189626406e-01 3.115495565761234806e-02 4.358255747678475844e-02 2.687865752807636760e-02 6.035760812603752079e-02
1.232486075962693661e+00 8.840692805444197444e-02 5.875902613615378162e-02 3.806325194878189960e-02 3.634578073109216018e-02 2.932857019802335291e-02 3.111190167807968004e-02 6.624921079388059741e-01 3.210466703069867617e-02
7.663399750210035943e-01 8.785949307720855583e-02 7.102032019466519852e-01 7.171545976410612089e-02 3.854825073864154295e-02 6.833064584080814075e-02 2.164518756330442370e-02 4.687326707089850553e-02 1.583693633393752284e-02
1.036575454960503295e-01 3.788745282290541250e-02 5.346285609005500122e-02 6.439695493312791452e-01 5.754909704386790281e-02 2.295527044392755081e-02 1.969932626300534631e-02 1.278344716872115150e+00 2.639367310000111794e-02
6.668101831931556589e-01 1.340567293464034471e+00 1.415112678119250303e-02 2.906327205663887178e-02 6.748853210103789024e-02 5.492890701777997098e-02 4.580978947065137558e-02 5.058732128922902721e-02 1.263185760640693989e+00
1.244116511660206648e+00 1.281640220439449696e+00 6.662535500978363778e-01 1.292952137987896988e+00 3.444686974612869851e-02 6.543601704148190867e-01 6.381745299856337317e-01 2.740021741824313212e-02 1.506517829399088571e-02
6.467811520129023162e-01 6.406874686237860050e-01 5.100613362170022119e-02 2.528761482164950530e-02 3.528536028434790112e-02 6.563360073722298571e-01 3.144466881162042565e-02 6.618781419377949282e-01 6.738781221320578885e-01
2.520307995097649023e+00 1.259822368921926339e+00 1.501762934382773473e-02 1.301153269022693015e+00 5.341363474037493647e-02 7.601333138351398788e-02 2.723492605820012485e-02 2.474332647260625226e-02 7.112858270994270038e-01
2.009037752611121164e+00 3.544344195064923209e-02 6.415430952368588180e-01 6.438663176047466630e-01 4.352245610525972558e-02 4.337016226973670896e-02 3.575695605194980503e-02 2.747833320802567370e-02 1.413352087329493648e-02
