1.342624718563037445e-01 1.638277034572071522e-01 7.503381010591732014e-01 1.263862877805523033e-01 1.206580106377413558e-01 1.359394524533276416e-01 9.824688108853349422e-02 9.908337010024635683e-02 1.352867528406257736e-01
1.798370079248429176e-01 1.086367895947908391e-01 1.469347640395809729e-01 1.370472968934880742e-01 9.080842263733580888e-02 8.866294124992271652e-02 7.943948086154119237e-02 8.652291015780257111e-02 8.914638283403439334e-02
1.917874656731957395e-01 1.374144924704931436e-01 7.446623893686823981e-02 9.200892611625757778e-02 7.269048386651059956e-02 9.371951202719543128e-02 7.309353650321499807e-02 7.513365094176663317e-02 5.585763041874527296e-02
9.371955466686268665e-02 8.453062980833525586e-02 7.638975808018960700e-02 9.493995954557790662e-02 6.159578870302573339e-02 5.968730860928406212e-02 6.852509620461953721e-02 5.182277355276278946e-02 4.997920255566725561e-02
1.728014474525279565e-01 6.432247595818273156e-02 7.611044177804376920e-02 8.219557541899510933e-02 7.264751963093671328e-02 6.924018252251466776e-02 5.777609816643573815e-02 5.530373224389519698e-02 4.861290409934343471e-02
9.406563742889229029e-02 9.468223418799037727e-02 6.401477866137281203e-02 6.344909410052559928e-02 6.934287113873335850e-02 4.232089377648809436e-02 5.330635870696940476e-02 4.684755339514466016e-02 4.621364380733650190e-02
7.508214901807702679e-01 7.264650345339306037e-02 8.825779210977045819e-02 5.821209709380875674e-02 5.860268028339142565e-02 5.696973575948820201e-02 7.275107041402731345e-02 4.505407843059390516e-02 6.720497695029328811e-02
7.060557370284008261e-02 8.285411557839343633e-02 6.186965427186678912e-02 6.083052091637528719e-02 6.699473365530039803e-02 5.436360725273601396e-02 5.285574741052573300e-02 4.068934129891225993e-02 3.242547134676584952e-02
7.694679336788311230e-02 6.809917784854895018e-02 7.160415533719091674e-02 6.118323271351412684e-02 5.521517709245027383e-02 5.026305150639872460e-02 4.207498070149750385e-02 4.111186797518065483e-02 4.557555099510387370e-02
6.672353133659857105e-02 5.657797982509225193e-02 5.417229299553651817e-02 4.644464481348926921e-02 4.737753212517716028e-02 5.350639792541322937e-02 5.182265821813916012e-02 3.434216720672062656e-02 4.001156974140845229e-02
8.175129157835624161e-02 5.819410359046658238e-02 4.297583717735702080e-02 4.491961893872483541e-02 4.434594416899736297e-02 4.415503810687961689e-02 4.410340169242320946e-02 3.124835178734695212e-02 4.051982728027834352e-02
6.615364299807424686e-02 7.537843061744528561e-02 6.242606013299509954e-02 4.742500807182313538e-02 5.042666041769330171e-02 3.953551518535480813e-02 4.027500888720607353e-02 2.693643430361518723e-02 2.827801932924627407e-02
8.727439493504898782e-02 6.712634478929195569e-02 4.661859425177851401e-02 4.692449324901269703e-02 5.109479056043590012e-02 3.984693917453968615e-02 3.566280025806831122e-02 4.991375163996954190e-02 3.467668780643702597e-02
7.757349227471820041e-02 5.766667669186235912e-02 4.951905674521578371e-02 3.420028273504614746e-02 4.806265619350560958e-02 3.866698607815542005e-02 3.137011682859534856e-02 3.167634007914695016e-02 3.779784290321605567e-02
8.047277980903208561e-02 5.543351966837686134e-02 6.529171819558543532e-02 5.741482612948276693e-02 4.461368131623175831e-02 3.770281783842770879e-02 4.229612569417234152e-02 2.855373110027702513e-02 2.920931782813219676e-02
8.333714542864853470e-02 4.029843932121844607e-02 4.128879911397941027e-02 4.719461592622652135e-02 4.398771758404944332e-02 2.576831988873107271e-02 4.138095018412681070e-02 3.096740494429818177e-02 2.850200744934448110e-02
9.601077225205578713e-02 6.154564550619453372e-02 4.665396282696084723e-02 3.819688034889949513e-02 3.968265499415479097e-02 3.043419677865364520e-02 3.556643283414741286e-02 4.078039317324173157e-02 3.357602283224981471e-02
6.948569417154340511e-02 4.712621618162131376e-02 4.652135929746982479e-02 4.963242896027352663e-02 3.370594572367611313e-02 2.908542706583392562e-02 2.864960671340983575e-02 2.909696891385214410e-02 2.663831785677145403e-02
7.366255842428444389e-02 4.155451409194664547e-02 3.550981169254411457e-02 4.718809031812228050e-02 4.293793585444151406e-02 3.896858326110925336e-02 3.624891148120550771e-02 2.769261962227063251e-02 3.323642259013780131e-02
7.307132893347344227e-02 6.238602539987927326e-02 3.460748837743563705e-02 5.356625381693587429e-02 3.176899356563119003e-02 3.812521041209173539e-02 2.356141844206278285e-02 2.573430606540021842e-02 3.005308168235084482e-02
9.438249423622857570e-02 3.560302810449218758e-02 3.730979986177915264e-02 4.380870895516172231e-02 2.817116543814518481e-02 2.752278437855130294e-02 2.875901057565505292e-02 2.723955366202215206e-02 2.632083888794376977e-02
